% 
% Identification-Confusion Data
%
% each row is a stimulus (S1-S16)
% each column is a response (R1-R16)
%
% data are the frequencies with which each stimulus
% was identified with each response

obs = [94  34   0   0  66  15   0   0   4   1   0   0   0   0   0   0;
       13  85  34   1  12  35  20   3   1   1   0   0   0   0   0   0;
        0  15  79  30   2   9  36  17   0   1   2   0   0   0   0   0;
        0   3  28 117   0   0  16  36   0   0   2   2   0   0   0   0;
       11   8   0   0 121  22   2   0  46   6   0   0   3   0   0   0;
        0  14   9   0  16  47  38   0   8  21  12   2   0   0   0   0;
        0   0  15  10   0  11  68  39   0   2  17   9   0   0   0   0;
        0   0   5  24   0   2  33  95   0   0  14  22   0   0   0   0;
        0   0   0   0  18   4   0   0 135  24   3   0  31   4   0   0;
        0   0   0   0   6  19  11   3  29  79  32   5   6  15  12   0;
        0   0   0   0   0   2  17  21   0  22  83  55   0   2  23   3;
        0   0   0   0   0   0   4  39   0   5  28 102   0   0   6  15;
        0   0   0   0   1   0   1   0  35   7   0   0 105  32   1   0;
        0   0   0   0   0   0   0   0  10  31  16   0  10  88  30   3;
        0   0   0   0   0   0   0   0   0   7  23  27   0  19  97  32;
        0   0   0   0   0   0   1   0   0   1  12  57   0   0  29  95
       ];
   